  1  0  0  0  0  0  0  0  0  0  0  0  0  0 13
  0  1  0  0  0  0  0  0  0  0  0  0  0  0  0
  0 24  1  0  0  0  0  0  0  0  0  0  0  0  0
  0  0  0  1  0  0  0  0  0  0  0  0  0  0  0
  0  0  0  0  1  0  0  0  0  0  0  0  0  0  0
  0  0  0  0  0  1  0  0  0  0  0  0  0  0  0
  0  0  0  0  0  0  1  0  0  0  0  0  0  0  0
  0  0  0  0  0  0  0  1  0  0  0  0  0  0  0
  0  0  0  0  0  0  0  0  1  0  0  0  0  0  0
  0  0  0  0  0  0  0  0  0  1  0  0  0  0  0
  0  0  0  0  0  0  0  0  0  0 10  2 16 15  0
  0  0  0  0  0  0  0  0  0  0  1 11 21 11  0
  0  0  0  0  0  0  0  0  0  0 22  3 20 15  0
  0  0  0  0  0  0  0  0  0  0 24 13 13 13  0
  0  0  0  0  0  0  0  0  0  0  0  0  0  0  1
