  1  0  0  0  0  0  0  0  0  0  0  0  0  0  0
  0  1  0  0  0  0  0  0  0  0  3  0  0  0  0
  0  0  1  0  0  0  0  0  0  0  0  0  0  0  0
  0  0  0  1  0  0  0  0  0  0  0  0  0  0  0
  0  0  0  0  1  0  0  0  0  0  0  0  0  0  0
  0  0  0  0  0  2  0  8 14  0  0  0  0  0  0
  0  0  0  0  0  3 10  7 24  0  0  0  0  0  0
  0  0  0  0  0  2  8 13 12  0  0  0  0  0  0
  0  0  0  0  0  1  0 10  3  0  0  0  0  0  0
  0 10  0  1  0  0  0  0  0  1  0  0  0  0  0
  0  0  0  0  0  0  0  0  0  0  1  0  0  0  0
  0  0  0  0  0  0  0  0  0  0  0  1  0  0  0
  0  0  0  0  0  0  0  0  0  0  0  0  1  0  0
  0  0  0  0  0  0  0  0  0  0  0  0  0  1  0
  0  0  0  0  0  0  0  0  0  0  0  0  0  0  1
