  0 23 10  6  0  0  0  0  0  0  0  0  0  0  0
 16  1  7  1  0  0  0  0  0  0  0  0  0  0  0
  7 12 21 19  0  0  0  0  0  0  0  0  0  0  0
 11 21 22 17  0  0  0  0  0  0  0 22  0  0  0
  0  0  0  0  1  0  0  0  0 17  0  0  0  0  0
  0  0  0  0  0  1 21  0  0  0  0  0  0  0  0
  0  0  0  0  0  0  1  0  0  0  0  0  0  0  0
  0  0  0  0  0  0  0  1  0  0  0  0  0  0  0
  0  0  0  0  0  0  0  0  1  0  0  0  0  0  0
  0  0  0  0  0  0  0  0  0  1  0  0  0  0  0
  0  0  0  0  0  0  0  0  0  0  1  0  0  0  0
  0  0  0  0  0  0  0  0  0  0  0  1  0  0  0
  0  0 11  0  0  0  0  0  0  0  0  0  1  0  0
  0  0  0  0  0  0  0  0  0  0  0  0  0  1  0
  0  0  0  0  0  0  0  0  0  0  0  0  0  0  1
