  1  0  0  0  0  0  0  0  0  0  0  0  0  0  0
  0  1  0  0  0  0  0  0  0  0  0  0  0  0  0
  0  0  1  0  0  0  0  0  0  0 18  0  0  0 23
  0  0  0  1  0  0  0  0  0  0  0  0  0  0  0
  0  0  0  0  1  0  0  0  0  0  0  0  0  0  0
  0  0  0  0  0 11 16  0  9  0  0  0  0  0  0
  0  0  0  0  0  0 21 20  1  0  0  0  0  1  4
  0  0  0  0  0  9  5  8  0  0  0  0  0  0  0
  0  0  0  0  0 23  4  1 18  0  0  0  0  0  0
  0  0  0  0  0  0  0  0  0  1  0  0  0  0  0
  0  0  0  0  0  0  0  0  0  0  1  0  0  0  0
  0  0  0  0  0  0  0  0  0  0  0  1  0  0  0
  0  0  0  0  0  0  0  0  0  0  0  0  1  0  0
  0  0  0  0  0  0  0  0  0  0  0  0  0  1  0
  0  0  0  0  0  0  0  0  0  0  0  0  0  0  1
