  1  0  0  0  0  0  0  0  0  0  0  0  0
  0  1  0  0  0  0  0  0  0  0  0  0  0
  0  0  9 22  5  3  0  0  0  0  0  0  0
  0  0 21 12 11  0  0  0  0  0  0  0  0
  0  0  8 19 17 19  0  0  0  0  0  0  0
  0 22 16  6 23 22  0  0  0  0  0  0  0
  0  0  0  0  0  0  1  0  0  0  0  0  0
  0  0  0  0  0  0 23  1  0  0  0  0  0
  0  0  0  0  0  6  0  0  1  0  0  0  0
  0  0  0  0  0  0  0  0  0  1  0  0  0
  0  0  0  0  0  0  0  0  0  0  1  0  0
  0  0  0  0  0  0  0  0  0 16  0  1  0
  0  0  0  0  0  0  0  0  0  0  0  0  1
