  1  0  0  0  0  0  0  0  0  0  0  0  0
  0  1  0  0  0  0  0  0  0  0  0  0  0
  0  0  0 10  3 19  0  0  0  0  0  0  0
  0  0 11 13  1 14  0  1  0  0  0  0  0
  0  0  5 23  2 10  0  0  0  0  0  0  0
  0  0  7 10 10  1  0  0  0  0  0  0  0
  0  0  0  0  7  0  1  0  0  0  0  0  0
  0  0  0  0  0  0  0  1  0  0  0  0  0
  0  0  0  0  0  0  0  0  1  0  0  0  0
  0  0  0  0  0  0  0  0  0 13  0  0  0
  0  0  0  0  0  0  0  0  0  0  1  0  0
  0  0  0  0  0  0  0  0  0  0  0  1  0
  0  0  0  0  0  0  0  0  0  0  0  0  1
