  1  0  0  0  0  0  0  0  0  0  0  0  0
  0  1  0  0  0  0  0  0  0  0  0  0  0
  0  0  1  0 23  0  0  0  0  0  0  0  0
  0  0  0  1  0  0  0  0  0  0  0  0  0
  0  0  0  0  1  0  0  0  0  0  0  0  0
  0  0  0  0  0  4 18 17  0  0  0  0  0
  0  0  0  0  0  5  9 24 16  0  0  0  0
  0  0  0  0  0 12 20 10 18  0 14  0  0
  0  0  0  0  0  3 14 23  4  3  0  0  0
  0  0  0  0  0  0  0  0  0  1  0  0  0
  0  0  0  0  0  0  0  0  0  0  1  0  0
  0  4  0  0  0  0  0  0  0  0  0  1  0
  0  0  0  0  0  0  0  0  0  0  0  0  1
