  1  0  0  0  0  0  0  0  0  0  0  0  0
  0  1  0  0  0  0  0  0  0  0  5  0  0
  0  0 22 16 11  5  0  0  0  0  0  0 13
  0  0 13  7  5  9  0  0  0  0  0  0  0
  0  0 14  1 16 21  0  0  0  0  0  0  0
  0  0 13 13 13  5  0  0  0  0  0  0  0
  0  0  0  0  0  0  1  0  0  0  0  0  0
  0  0  0  0  0  0  0  1  0  0  0 11  0
  0  0  0  0  0  0  0  0  1  0  0  0  0
  0  0  0  0  0  0  0  0  0  1  0  0  0
  0  0  0  0  0  0  0  0  0  0  1  0  0
  0  0  0  0  0  0  0  0  0  0  0  1  0
  0  0  0  0  0  0  0  0  0  0  0  0  1
