  9  0  0  0  0  0  0  0  0  0  0  0  0
  0  1  0  0  0  0  0  0  0  0  0  0  0
  0  0  1  0  0  0  0  0  0  0 16  0  0
  0  0  0  1  0  0  0  0  0  0  0  0  0
  0  0  0  0  1 17  0  0  0  0  0  0  0
  0  0  0  0  0  1  0  0  0  0  0  0  0
  0  0  0  0  0  0  1  0  0  0  0  0  0
  0  0  0  0  0  0  0  8 21  7  6  0  0
  0  0  0  0  0  0  0 19 21 22  4  0  0
  0  0  0  0  0  0  0 11 10  0 23  0  0
  0  0  0  0  0  0  0 16 19  9 17  0  0
  0  0  0  0 19  0  0  0  0  0  0  1  0
  0  0  0  0  0  0  0  0  0  0  0  0  1
