  1  0  0 24  0  0  0  0  0  0  0  0  0  0
 24  1  0  0  0  0  0  0  0  0  0  0  0  0
  0  0  1  0  0  0  0  0  0  0  0  0  0  0
  0  0  0 24 22 18 18  0  0  0  0  9  0  0
  0  0  0 12  5  8 16  0  0  0  0  0  0  0
  0  0  0  2  0  2 14  0  0  0  0  0  0  0
  0  0  0 14 24  9 24  0  0  0  0  0  0  0
  0  0  0  0  0  0  0  1  0  0  0  0  0  0
  0  0  0  0  0  0  0  0  1  0  0  0  0  0
  0  0  0  0  0  0  0  0  0  1  0  0  0  0
  0  0  0  0  0  0  0  0  0  0  1  0  0  0
  0  0  0  0  0  0  0  0  0  0  0  1  0  0
  0  0  0  0  0  0  0  0  0  0  0  0  1  0
  0  0  0  0  0  0  0  0  0  0  0  0 14  1
