  1  0  0  0  0  0  0  0  0  0  0  0  0  0
  0  1  0  0  0  0  0  0  0  0  0  0  0  0
  0  0  1  0  0  0  0  0  0  0  0  0  0  0
  0  0  0 20 13 18 17  0  0  0  0  0  0 23
  0  0  0 10  2  5 13  0  0  0  0  0  0  0
  0  0  0  2  2 24 24  0  0  0  0  0  0  0
  0  0  0  0 18 24 23  0  0  0  0  0  0  0
  0  0  0  0  0  0  0  1  0  0  0  0  0 18
  0  0  0  0  0  0  0  0  1  0  0  0  0  0
  0  0  0  0  0  0  0  0  0  1  0  0  0  0
  0  0  0  0  0  0  0  0  0  0  1  0  0  0
  0  0  0  0  0  0  0  0  0  0  0  1  0  0
  0  0  0  0  0  0  0  0  0  0  0  0  1  0
  0  0  0  0  0  0  0  0  0  0  0  0  0  1
