  1  0  0  0  0  0  0  0  0  0  0  0  0  0
  0 17 17 22 11  0  0  0  0  0  0  0  0  0
 11 14  0 12 10  0  0  0  0  0  0  0  0  0
  0 13 24 20 20  0  0  0  0  0  0  0  0  0
  0 10  8 11 10  0  0  0  0  0  0  0  0  0
  0  0  0  0  0  1  0  0  0  0 10  0  0  0
  0  0  0  0  0  8  1  0  0  0  0  0  0  0
  0  0  0  0  0  0  0  1  0  0  0  0  0  0
  0  0  0  0  0  0  0 10  1  0  0  0  0  0
  0  0  0  0  0  0  0  0  0  1  0  0  0  0
  0  0  0  0  0  0  0  0  0  0  1  0  0  0
  0  0  0  0  0  0  0  0  0  0  0  1  0  0
  0  0  0  0  0  0  0  0  0  0  0  0  1  0
  0  0  0  0  0  0  0  0  0  0  0  0  0  1
