  1  0  0  0  0  0  0  0  0  0  0  0  0  0
  0  1  0  0  0  0  0  0  0  0  0  0  0  0
  0  0  1  0  0  0  0  0  0  0  0  0  0  0
  0  0  0  1  0  0  0  0  0  0  0  0  0  0
  0  0  0  0  1  0  0  0  0  0  0  0  0  0
  0  0  0  0  0  1  0  0  0  0  0  0  0  0
  0  0  0  0  0  0  1  0  0  0  0  0  0  0
  0  0  0  0  0  0  0  1  0  0  0  0  0  0
  0  0  0  0  0  0  0  0 19  0  0  0  0 14
  0  0  0  0  0  0  0  0  0  0  1 19  8  0
  0  0  0  0  0  0  0  0  0  2 21 16  3  0
  0  0  0  0  0  0  0  0  0 18  1  9 18  0
  0  0  0  0  0  0  0  0  0 14 19  2  0  0
  0  0  0  0  0  0  0  0  0  0  0  0  0  1
