  1  0  0  0  0  0  0  0  0  0  0  0  0  0
  0  1  0  0  0  0  0  0  0  0  0  0  0  0
  0  0  1  0  0  0  0  0  0  0  0  0  0  0
  0  0  0 20  0  0  0  0  0  0  0  0  0 23
  0  0  0  0  1  0  0  0  0  0  0  0  0  0
  0  0  0  0  0  1  0  0  0  0  0  0  0  0
  0  0  0  0  0  0  1  0  0  0  0  0  0  0
  0  0  0  0  0  0  0 18  8 14  9  0  0  0
  0  0  0  0  0  0  0  7 11 15 12  0  0  0
  0  0  0  0  0  0  0  2 24  0  2  0  0  0
  4  0  0  0  0  0  0  4  3 23 20  0  0  0
  0  0  0  0  0  0  0  0  0  0  0  1  0  0
  0  0  0  0  0  0  0  0  0  0  0  3  1  0
  0  0  0  0  0  0  0  0  0  0  0  0  0  1
